7 0.386 0.7586666666666667 0.528 0.4826666666666667
4 0.08 0.7573333333333333 0.152 0.48
1 0.769 0.6866666666666666 0.382 0.6266666666666667
1 0.691 0.6466666666666666 0.218 0.6
1 0.482 0.43066666666666664 0.176 0.2
1 0.148 0.6746666666666666 0.236 0.6506666666666666
19 0.54 0.5026666666666667 0.04 0.13066666666666665
19 0.478 0.48933333333333334 0.028 0.09866666666666667
19 0.443 0.49733333333333335 0.034 0.12
19 0.427 0.5226666666666666 0.03 0.10666666666666667
19 0.406 0.5613333333333334 0.028 0.11466666666666667
1 0.384 0.74 0.232 0.52
