4 0.878 0.728 0.044 0.13333333333333333
4 0.695 0.8 0.074 0.13866666666666666
4 0.493 0.8986666666666666 0.082 0.176
4 0.722 0.7293333333333333 0.068 0.12
4 0.239 0.9386666666666666 0.106 0.112
4 0.799 0.7653333333333333 0.062 0.112
4 0.614 0.8546666666666667 0.076 0.14133333333333334
7 0.776 0.7173333333333334 0.092 0.12266666666666666
7 0.369 0.912 0.15 0.15466666666666667
1 0.54 0.7666666666666667 0.06 0.248
1 0.262 0.9026666666666666 0.144 0.19466666666666665
1 0.44 0.8933333333333333 0.06 0.19733333333333333
1 0.402 0.7893333333333333 0.064 0.12266666666666666
1 0.626 0.824 0.104 0.192
1 0.799 0.7173333333333334 0.062 0.144
1 0.977 0.624 0.046 0.208
1 0.836 0.6986666666666667 0.072 0.18666666666666668
18 0.589 0.248 0.114 0.042666666666666665
