19 0.308 0.43993993993993996 0.076 0.2912912912912913
19 0.254 0.506006006006006 0.036 0.15915915915915915
4 0.87 0.7252252252252253 0.26 0.5135135135135135
4 0.768 0.5975975975975976 0.18 0.4444444444444444
4 0.776 0.37537537537537535 0.076 0.21621621621621623
1 0.271 0.2057057057057057 0.058 0.23123123123123124
1 0.33 0.1921921921921922 0.068 0.25225225225225223
1 0.446 0.15615615615615616 0.088 0.2042042042042042
1 0.531 0.16516516516516516 0.09 0.1921921921921922
1 0.754 0.26426426426426425 0.076 0.14414414414414414
1 0.683 0.566066066066066 0.238 0.5975975975975976
1 0.551 0.39039039039039036 0.134 0.2702702702702703
1 0.243 0.6096096096096096 0.354 0.7807807807807807
1 0.483 0.3888888888888889 0.086 0.2852852852852853
1 0.436 0.3783783783783784 0.084 0.29429429429429427
