1 0.691 0.576 0.266 0.7733333333333333
1 0.249 0.6066666666666667 0.294 0.712
1 0.743 0.23066666666666666 0.038 0.168
1 0.812 0.23066666666666666 0.036 0.10933333333333334
1 0.829 0.252 0.034 0.088
1 0.861 0.276 0.046 0.10933333333333334
7 0.447 0.7333333333333333 0.41 0.5013333333333333
7 0.852 0.47733333333333333 0.172 0.16
7 0.919 0.39066666666666666 0.162 0.104
7 0.787 0.3373333333333333 0.126 0.104
1 0.986 0.30133333333333334 0.028 0.13333333333333333
4 0.826 0.7 0.296 0.584
4 0.155 0.712 0.306 0.5706666666666667
4 0.817 0.7826666666666666 0.366 0.43466666666666665
4 0.052 0.7853333333333333 0.1 0.42933333333333334
