15 0.498 0.4573333333333333 0.16 0.17866666666666667
4 0.881 0.78 0.238 0.37066666666666664
4 0.844 0.9173333333333333 0.312 0.16533333333333333
3 0.078 0.844 0.152 0.312
6 0.66 0.44 0.112 0.5386666666666666
6 0.219 0.6266666666666667 0.074 0.16533333333333333
6 0.183 0.656 0.062 0.064
6 0.172 0.5413333333333333 0.072 0.10133333333333333
6 0.306 0.5053333333333333 0.036 0.14133333333333334
6 0.244 0.5146666666666667 0.072 0.11733333333333333
6 0.067 0.508 0.03 0.184
4 0.779 0.5293333333333333 0.126 0.24266666666666667
15 0.747 0.42 0.094 0.06666666666666667
6 0.679 0.6106666666666667 0.066 0.192
19 0.9 0.5626666666666666 0.016 0.064
19 0.914 0.56 0.016 0.05333333333333334
19 0.887 0.488 0.014 0.064
19 0.901 0.4866666666666667 0.014 0.06133333333333333
19 0.886 0.564 0.016 0.056
19 0.879 0.4226666666666667 0.014 0.06133333333333333
19 0.893 0.4186666666666667 0.014 0.058666666666666666
19 0.907 0.4186666666666667 0.014 0.05333333333333334
19 0.918 0.4186666666666667 0.008 0.05333333333333334
19 0.911 0.48533333333333334 0.01 0.064
